2.913949
10.23087
2.7536266
3.1545718
4.518666
5.984892
6.8744946
3.78264
4.4960504
6.8573017
6.6010027
2.454868
7.200152
1.4875767
6.9519205
4.4433427
2.143711
5.391119
9.194621
6.5247464
4.6412225
5.036095
4.0146766
6.8715577
7.5653687
9.264185
7.82943
1.3364167
5.2599807
3.7879333
2.4937007
3.2575352
5.3754115
5.173016
5.3502316
6.4932647
9.895584
1.0448718
3.8300714
1.4323435
8.883877
6.311357
2.8878412
5.885631
7.612177
6.3293986
6.1069217
6.025157
1.6854408
1.4708452
5.1978974
6.568549
8.631241
1.8930178
5.326835
3.3105521
6.545905
5.394433
4.9170146
2.9928463
4.327032
4.165291
2.2464294
5.9471583
4.86669
6.9857917
2.6228633
7.5139894
4.955609
7.1382365
1.4636548
7.146972
4.599536
2.8404202
7.521027
2.9667802
3.7324927
5.757235
4.4991684
5.78007
3.2278197
1.446429
4.977525
6.3840213
7.7057757
3.0607362
3.9642253
3.7311451
7.1225834
4.2970276
3.1460552
6.3545976
7.096394
3.7334106
2.6630998
2.9262648
6.725329
7.4487085
4.234852
5.0155597
9.248289
1.2138319
5.9237704
6.1883254
6.478769
5.3885484
6.216271
4.263842
9.261461
6.0240316
5.887833
8.97982
11.054529
7.1769204
3.3364666
2.4406564
8.60978
5.0520353
3.3332481
2.2418962
2.181176
2.9146342
2.551453
5.459846
5.2394767
5.5271187
1.111794
4.1513724
5.730902
5.6750145
4.8820195
6.201049
6.88987
6.9531193
9.051624
9.308624
7.893233
5.693182
4.797834
3.131715
7.9633527
5.3458114
2.779869
7.648358
1.5401182
9.990524
8.075127
2.1638837
3.7745829
7.6546288
2.2296028
1.1096222
8.03461
2.6853752
2.052984
3.575482
3.111953
3.2072978
3.5657423
10.02573
4.691099
9.746126
5.831135
1.7090402
7.18701
2.045559
8.680027
3.5660806
3.1069517
3.9554708
7.446914
2.728381
5.6866765
4.275248
5.433254
8.765677
2.020347
3.5617194
8.009673
5.1911902
4.6843967
2.5199976
3.997239
1.55932
9.712656
2.904036
7.5015607
7.956655
7.6261973
2.3757262
11.818532
3.5325527
5.629767
2.5525777
5.762835
2.867136
1.2848388
1.155112
5.439739
1.0974264
8.099453
2.149729
1.8935845
4.9172506
10.860092
3.0452957
5.8233876
4.998695
5.4175925
6.1612105
1.269891
8.3287525
7.282719
6.412407
3.6921468
2.2070024
6.866447
6.753075
4.776036
2.02613
1.4686027
4.8299837
3.8285317
2.9798174
1.6264062
6.082298
6.304071
2.6614177
5.0474005
7.219992
2.3534186
2.1525366
8.3445215
5.322453
5.3866296
6.1882224
1.6202652
4.963364
2.431359
3.496531
4.204249
2.086779
2.7934768
3.432384
7.764105
2.7910073
8.200057
2.594765
1.0899014
4.4508467
1.2083986
7.3781004
4.888394
5.8846226
7.5532475
1.5318675
3.5817442
6.6741834
4.697469
8.133634
5.605824
6.9467177
3.1700876
2.536322
5.8697567
2.624218
7.8516784
4.500298
6.7417426
6.4423475
3.9227595
8.2252655
2.0766346
6.7433534
5.2911086
2.9575963
5.26017
2.4706664
7.064516
8.138227
7.0466075
6.6451125
5.633327
3.082604
3.7912426
1.753989
4.918032
5.8046894
7.164445
2.445576
1.2442169
3.1917515
7.536493
8.01485
7.154737
1.8211064
7.070312
2.379641
5.5382295
3.0726213
3.1469243
7.1930447
3.776567
2.7602797
2.047443
7.0365295
2.7449253
8.238304
3.2915888
8.669199
1.900811
6.0273395
3.91709
1.0208284
1.6838429
7.0187583
2.5107703
7.2543073
5.4793205
4.8988585
5.1051044
3.625474
1.5768762
9.122935
4.376909
1.9584012
6.6718016
3.9744916
3.6546538
2.3245852
5.6033673
2.3811839
8.247116
2.527978
7.3177686
3.7991755
4.7727556
6.598332
6.6616817
7.447931
7.683292
9.393208
1.1823134
2.0911558
6.903584
2.7543623
5.246729
4.6374946
4.464107
8.210063
2.6463895
4.12599
3.1615014
3.0541186
6.235386
5.025129
1.7716146
4.173863
1.739789
9.809626
2.645728
7.6968184
10.095379
9.781689
2.4650273
7.935564
7.6029863
6.000932
4.8336987
5.6211514
1.9099491
5.051419
1.0393631
2.0554976
6.635936
7.0888767
5.6127696
5.5272117
5.498691
4.868036
1.4027689
5.014417
3.1326118
7.334987
7.459531
4.600678
4.010175
3.0788593
2.7077909
9.754509
4.756334
2.1597736
3.639645
3.980483
5.487515
3.2667394
1.0201555
1.8222368
1.0114841
3.452391
4.4104877
2.631142
7.6458526
6.17063
7.5581837
8.076299
7.545497
4.4580474
7.039516
8.554625
1.1327553
7.7161846
4.845822
7.5612345
7.325076
4.1512265
1.6913607
9.008598
5.2425613
3.5731528
2.7613537
2.9944558
3.602283
4.61151
2.8723388
3.1324546
7.0511613
6.727545
4.7127447
5.9719377
1.8399477
8.585503
7.3182616
1.6569772
8.94057
3.0478952
4.87989
2.150985
3.9838934
3.1518462
4.717084
5.3533616
4.4386153
8.370921
6.0872636
3.9603512
1.8625126
2.8227563
1.3256669
3.9520628
2.703116
3.1485574
10.937707
3.7763164
8.423577
2.9514868
5.249432
7.732698
4.473591
8.078883
3.7627017
2.5318136
5.0904603
3.4903502
9.457074
2.5132632
2.369107
1.1879303
3.2045655
4.325396
1.967315
7.211386
2.7238708
3.0516953
4.722051
2.2109814
6.4820986
9.428304
5.45348
3.024179
5.0845466
8.029188
6.758641
4.2119536
1.7191997
1.8989859
5.248444
3.1796322
8.224525
7.808148
4.327053
1.9699807
3.754253
5.778523
2.3735478
4.2380605
6.187611
3.6870794
4.3901906
6.8761263
11.405347
9.31795
8.212294
4.6558695
3.1538098
3.0761356
2.938932
3.3968256
7.479255
4.726918
6.871941
6.1117573
1.337714
5.8878865
3.5720954
7.6525335
4.7158027
6.140927
4.457128
7.7330136
1.571574
6.8840413
2.1370027
2.73135
3.0139775
4.7225623
5.312384
2.7570777
1.5580451
9.307451
3.840148
3.3740506
7.95873
1.0171919
4.5611234
4.5306582
6.0460725
2.585147
5.324752
1.6360478
4.987966
8.157129
1.0990653
1.1899607
4.946136
7.0716777
1.4697583
3.7154832
3.3930886
2.7492244
1.7489152
9.236471
5.487
5.6852546
5.6259646
4.3885136
1.316566
1.6966162
1.9353411
5.507598
3.6398492
5.538715
10.859554
4.0801454
1.4304109
9.014051
3.5133653
7.15161
7.7088466
3.7160933
2.2306316
8.059741
3.6320572
9.667599
11.819286
6.2600436
1.7930803
3.9764163
2.6001093
7.417434
3.332305
1.248688
7.8290677
1.2915916
7.422614
4.581329
4.0077906
2.6350017
4.080967
5.154659
2.8243566
6.734493
3.668959
2.6306436
6.481957
5.0042996
4.167094
2.8891606
4.1668296
3.065955
3.3541207
7.767968
7.8544784
2.9915898
2.5736942
3.659052
7.5404468
1.3474982
8.368813
1.8648181
4.6007023
5.1432204
3.4108727
3.9961624
4.220604
2.393036
2.9219894
4.8530574
6.0695405
4.3876925
3.9549026
4.5219083
6.531428
4.2917604
8.722441
3.0337276
4.629411
1.3095748
8.871367
5.6064816
9.984751
5.370521
9.152929
6.6868143
4.430236
5.8676276
2.3518915
2.9834683
4.3144383
6.1996446
1.4057559
3.4894824
3.3461928
8.014771
2.8942494
2.7536418
2.6978397
1.9033775
3.7014103
2.350406
4.1204543
3.4081883
2.1105866
5.96409
2.4408848
6.6368465
7.4858108
4.171743
3.5040588
2.0576482
4.043642
3.8490322
1.7447374
5.765335
4.1401677
6.636995
1.1721499
5.523257
2.5797405
1.300573
4.0057607
1.4527092
8.783216
2.8188748
6.762112
1.3460493
2.942184
3.8841152
9.721792
4.643271
1.1896992
4.5714884
2.6513548
6.8084645
4.0569015
5.2884994
6.610621
1.8404906
6.9341016
4.12334
3.053891
3.126173
4.626389
7.3205495
8.455805
7.391398
5.1471105
2.2386584
2.2333052
5.146336
9.830846
2.365811
2.1620405
3.610228
1.5705197
3.329106
1.6135874
1.7618644
1.0531988
6.715066
7.7692432
4.7883224
4.389908
5.5453744
1.325242
8.299282
2.0183146
9.719784
3.7501726
4.5199933
8.014849
3.401584
1.6507285
3.5860252
5.0913405
7.2300377
7.543286
2.2915227
5.8365765
5.4045563
5.4737334
5.3529053
2.5393958
3.0732768
1.7422233
2.0214868
2.756699
7.0003214
5.195737
4.145554
2.2191896
8.468908
8.830934
4.692073
2.1611664
6.324289
6.8282866
8.173989
7.2051296
1.2747142
6.533146
6.421401
2.888709
8.317533
4.200443
4.4825144
9.772921
6.684915
5.0131288
6.1316514
6.9687104
4.7242713
7.2852507
7.508544
5.1740713
6.8987155
2.5321088
2.6557498
6.492462
5.4637012
11.122073
4.6252522
3.2200892
7.004822
5.509078
5.272284
6.4660435
10.467595
2.2654705
3.4971957
4.297625
2.2914207
3.21486
7.209295
4.4929633
2.423648
9.169103
2.6477995
4.3676863
2.3033786
3.8739924
2.4359052
6.339778
1.7439504
4.836017
5.22465
4.913846
5.683174
7.83415
6.2221274
3.7990477
7.9933696
2.1606977
4.0795784
4.1335893
7.7364726
4.8350606
2.73018
5.9985833
1.1260188
6.228289
5.082768
3.0586028
6.781398
5.833296
3.5164056
4.1446295
3.5877604
5.9987373
4.306635
9.894578
10.140284
11.493678
6.170236
2.2613301
5.094207
7.626222
6.3183336
6.9324284
5.376613
5.9295545
4.740464
5.044131
6.037637
6.3459067
2.402142
2.974659
5.5091977
4.8620014
3.1325006
4.6123013
4.6133513
2.3332145
2.0122538
1.9857237
2.4982944
1.6244359
7.0487924
2.1129916
4.0282316
2.4743483
6.329108
4.1098156
3.413948
8.104378
2.5896847
5.1348825
4.7494445
7.5197964
7.8877873
10.342266
6.765675
6.106928
5.3516607
4.4706864
4.495088
2.6818557
6.311218
3.6115186
3.2709413
2.6779346
6.2025285
6.0632324
4.967552
2.9050915
10.371804
2.3566966
4.2567754
2.9755406
5.538858
1.4487478
8.383358
2.5113602
7.0846386
4.526322
2.0935152
1.3263662
2.5990498
5.4410095
7.2871423
2.7769547
7.574741
2.1392448
4.2196975
5.532294
1.2183263
5.45919
7.801552
4.329515
2.758374
1.8934076
1.9016418
4.1339636
2.9815252
1.2417228
4.9489646
4.617059
4.2776155
2.0203478
3.5611546
9.7271595
2.233198
8.522293
3.438912
6.0838966
7.7817874
2.7787824
7.739997
2.8746247
7.43073
3.3409781
2.3962078
6.465744
2.6274772
1.2598588
2.871938
9.971534
4.460094
1.5784743
3.5470066
2.1275222
5.856998
5.9986978
1.4880075
8.145191
9.186817
5.1469483
6.64107
6.529046
5.6349435
1.1045225
6.941371
9.65341
1.5480189
3.1603339
8.253725
4.7327037
2.3816445
6.6140866
2.9553046
2.5382576
6.200113
5.184525
8.205846
1.6410816
5.0768447
10.864803
5.337972
1.9093263
5.1826787
6.605355
7.252705
4.971926
3.3721704
2.905367
7.044765
3.5933797
5.540351
1.1455216
5.878778
2.244989
4.5793056
1.3921423
1.5076389
2.8905272
5.711579
8.179844
4.532564
1.890522
7.537169
6.994677
5.7037177
3.018352
1.6558869
2.9416416
4.7011647
3.0444267
5.1456246
1.3764143
6.8691287
3.115602
1.2180175
6.7408223
1.9754791
6.206506
4.7210293
4.046607
6.7764735
6.820881
5.1573825
