7.011583672079279
6.050835368107187
9.537491043749776
3.5296599023577935
5.071818734879498
7.508425148638364
0.31190891768642093
6.148261236568207
2.538601740141112
8.4595978772558
4.564897152784345
9.37215226100442
5.729206304321185
8.288391830422933
4.439185053110778
5.6147927940890705
7.230304199521749
9.30755038057066
0.8379301652968196
8.193906831292242
9.97100546361603
7.927538725894544
7.5740477275845315
3.625661908724056
5.757010758322471
7.180495889535657
2.8673923112064106
8.760784838279573
5.015201602871401
3.6500006737134685
7.626708343920685
2.5434173435837772
1.4201328442734862
8.67154446417994
3.138777289536309
2.3008371402480723
4.912013738089312
6.948565866503794
7.169742675857705
6.833278297785816
6.318720647817523
1.5265314530534202
3.464242232757541
5.8961490781381976
3.9506444338648414
6.782979372538311
6.534805162370738
1.2735789216719706
1.1403690281864776
7.441989630974338
4.936280115126278
6.134873963286799
5.096063544542069
1.931433875860109
6.162097907583527
8.951858234622124
9.101669888931049
3.2754609610972194
0.2567235738586915
2.7202896470705396
0.9584504066173893
6.445175161890651
6.537100012269668
1.7816452390420845
0.9277250659586034
3.170322007345269
2.681631798522328
8.098802094492514
5.920234251776158
5.534181283529044
9.481331429306387
7.416611573927642
1.3847676136195841
0.9979834212892202
8.136027945443761
2.2521787758377743
5.218058595796991
0.8980972869816295
8.684443644940764
6.794032066487809
0.2296427311278304
6.281139559874923
1.3400396517834168
0.0859611862803733
1.1372312029905296
2.4935154603466705
3.4388608307596935
1.9885493577552693
1.2794881223534782
6.261550157363511
6.168065250611997
0.041724532165601236
2.6419574233507537
9.419418977646663
0.857844278340455
6.90802188716828
6.811743550575215
2.3944718100047235
9.480650130961163
7.176959876693571
5.824025344090625
4.146899047387096
0.5478358594830646
1.7700559057630894
1.04154797355282
9.461867073658606
5.648553321525979
5.244889276566914
2.34999769483647
4.223983086359065
7.188245328152901
2.876339550863011
3.007599495690023
8.719810287930814
6.476091650693943
5.805932019239329
0.7336462614177042
2.090153480689365
3.603397646702744
5.824042528559131
5.776613137590823
1.0960433963769323
3.1223487043836418
9.695268664304663
4.134643366829733
7.865674590014469
2.6132790258176666
3.1740994395758273
6.447314953926503
9.398631123582783
1.4631470284475823
3.382276927957326
9.158194433219368
9.673634893192073
9.765557513166515
6.639277834324258
2.5971299540475945
7.453278639976062
9.703751331625423
7.982990847714398
2.0124153677452092
7.852904838072808
5.164003161103292
8.615096983920989
8.600086494656875
8.336821887934581
9.581296389251241
4.265272219404798
6.193851785820233
7.469038416018419
5.488387283274768
5.472487339947085
4.3782508441201005
4.967225290215583
4.311377183665769
5.467030075613075
6.1786359042199965
2.4327485658628567
0.7733995159396645
0.8153036126851676
9.25382328877403
1.7051787195910928
2.813785302618632
5.475015561802281
6.194437113423351
0.7180099847410426
8.914971102384664
4.1804611273338175
5.157896041918271
5.780448876514398
3.8854142029814254
0.6232666035035173
0.9390796952747216
2.1583050841791596
1.7464585200833793
6.797867861064175
5.399181687821867
4.494040534958602
3.2149422150534015
7.2434874582224404
4.628929201990772
9.378534396984314
0.5336178405388303
6.860611343959667
0.7584471430759343
7.1967907148933685
5.462362302041218
0.6093281872704359
0.13307860010010386
1.2648965273219204
3.9381643014791488
4.892997906209837
4.791907140759607
1.424980798809361
1.8980781334046881
1.337046292971964
3.0553179293330865
4.52277468153288
8.444896640849741
9.949871028169602
0.19060153890673948
6.445230180403226
5.420814847549078
9.504642537816926
7.128882675392462
2.45552655243284
1.6764803617784396
5.681359026956587
8.297380226757902
2.435592546636074
6.522043326102331
6.873532839174033
5.841351644712903
1.865117244569906
7.58341354983969
7.904745345409292
8.962562419316862
8.779102990299348
4.1314324439108985
1.2648681966870867
4.9239823522405
6.675857543383545
7.709944185539662
2.259609024403273
3.4179701519845764
9.112771266757099
2.829868156192248
0.35440056806519515
8.042001482819765
4.942470359621405
4.938363340755638
3.539639052233775
7.947187285253099
8.274477216545078
6.606652771413807
5.793559645718719
0.4492922575740721
3.842578629862139
2.0760306199318492
6.305296595020138
4.999239112775708
0.3541840399612328
6.715192991113691
3.6313709327671417
4.909528795519055
2.877836184914626
7.272112941471161
9.944658238934764
1.9203104276771576
6.545296662676304
0.539311669978012
4.690938731868414
4.325684392200536
1.1450469432812294
1.111288623566551
5.484065955650613
7.499574324576904
3.8504969635752797
0.41272533598558314
3.674225572309867
7.5972740607406175
9.755114606596925
6.757305206114635
1.7527244642101214
8.15551538940707
2.6692472602336625
4.730897091334485
3.2899248551655935
0.6243405235207322
3.356331101901721
5.703712525184926
4.653767134932294
9.63552340445218
1.3799454637036435
2.533995274001458
0.25508708275894243
3.4071871699352285
9.82180700600073
6.517040021209017
9.429664668241502
5.603937130140379
4.2820308426982825
9.053201289505498
9.668323810333638
6.916539579892693
0.28381676464022565
4.406334113536662
8.797754384164401
9.025863483350516
5.206126844869504
5.579384864232232
5.9302177368236695
0.6233575955675696
3.0397211158743165
1.2395491985784102
6.315888401753237
2.959143676987849
3.6119018754584555
8.50628835022178
9.126801399153301
9.019505965869753
1.2353884924324599
1.905711351788747
1.877725596274571
9.191626904139053
0.6265195733552664
6.996166439971145
9.543003325071089
6.817846483172737
3.44125317080091
7.829100977095403
6.360354808637913
7.344741539507886
9.701716966652526
8.55536667424018
3.2625124553053353
4.96968174769079
5.293145263989868
3.298369339767786
1.7529340730921306
3.378486178421806
2.4536270804031526
9.501321125891378
8.11604559150421
2.5617788561801023
7.87061110117246
9.157879969457634
0.6282747114001241
6.474530214664092
6.523371096233848
4.583885637592102
8.098618124097271
1.0299230582706853
5.357907094575184
1.388624074119632
9.827111654692585
3.9228038212667924
7.438988880924203
3.3191311519470412
7.320004488997082
0.406198907431049
1.7076841701152967
2.9825346293914787
6.675289742491559
6.99392736039197
1.744571937825461
9.935638412422493
3.5158674488898214
4.63560445189246
6.103081188435036
0.5332224474143321
7.566392969968756
2.5253201445343123
7.52283576889297
4.499449173147303
0.17035844830070035
2.4659900692075287
8.514982641940033
7.479379158824542
1.026115407654128
7.081655462963182
0.48562057660753166
7.046882275322844
2.9739795795818758
0.26342042911816743
5.756890643943149
5.709617460822227
9.976194344490857
8.606046318237475
5.959922727169839
5.198375976543616
8.369293906419372
0.13246936520556973
9.360360853441348
2.100125078438373
5.39226252846459
3.1625263598568987
3.1198179951514025
5.3516278072570325
3.213736206228739
3.509302552789364
2.891716105536947
9.616994925856968
6.314354309215265
3.025069561116628
4.919868770064032
5.527174934762014
3.9328520993061558
7.15411825889679
8.18565671573865
4.891050272435661
0.8605928299163512
0.16606844580666968
4.344606376818866
3.8459928000599133
1.8523025473239896
8.795544127288164
8.886090767542704
0.43730358134795866
8.55398537404193
6.4254285867679215
5.767309037467072
2.99998220596819
2.7040993216354927
6.891303172939106
7.678857177830948
9.501635478622564
7.3381764677425965
9.1911586365323
2.141010036463391
6.578235383516308
5.444306227601792
7.963889255213587
1.9198615485974824
5.186966200158319
6.936511770948034
3.6468151140646965
1.5524517581451147
7.871740713077075
0.857247853793156
6.403405536511924
0.10098847158575897
3.085553741828239
5.989177435932119
2.7381767359267215
3.068180273078216
2.7687005346095184
1.5454690856400521
3.8593203073685514
7.561027948457059
2.579066999443551
0.025643386511764454
6.301650705500435
4.044330500382318
3.1111787553858807
8.718111441703144
7.728467799166054
6.6713873913659825
1.6107778847029675
2.261185130370582
1.3622008645811123
7.057525440244619
8.08112437999098
6.215154243228201
6.758897114323455
9.584473433488402
1.9721684038612852
2.6519110142391513
9.33865112720873
9.1684415866465
6.348072808495859
7.441426849917162
7.294063124502385
6.31120039237031
3.7587637635576874
1.8559685659558378
4.507365317637603
5.37046375798515
0.6431565802967321
1.9010324080889884
6.76624856224394
0.4768058787609353
3.784031378003606
0.8968632962116674
8.54541514704842
3.7178575638508207
1.000881141278308
2.667268703871606
0.039495737127320796
0.9807324294538811
6.032258447540757
2.253338119243369
0.06781769580272656
3.4195557624495265
9.191581841009569
9.859171791620016
0.20753848591929192
9.86127641781665
0.11874979411190534
9.540784515745576
4.8437059091466015
7.027780308296157
1.0214266904533653
1.5445327325468983
2.5700742152533653
3.3810791316523447
3.3112393462445775
3.8549633230548386
7.1689322956339065
6.187582044033029
8.02045209778824
7.841166716117143
7.5299126381804875
0.19882485674265538
3.329344139976854
9.030368352332255
9.631808142763425
6.935640730853887
7.053187727966962
7.868652635461611
6.241189991263113
2.4958514002372545
5.874486270140112
1.8813922512378245
4.1043046880913625
4.0659475712617414
7.936409143736091
4.025466497613288
3.5114870503763287
3.1882743414050263
0.6440305552556247
0.11333061158911528
5.42766801480428
7.223158776483112
4.5763502545125085
6.7426914638770254
5.7434847391062345
7.841820225976455
4.560727856322316
0.3916628235133679
9.422803846216523
1.0678293264495853
4.260711747899826
3.2929570685474276
0.18893681529043804
0.9651188299350955
0.7349142536323505
9.047895105472238
7.182442216232334
0.8101666370343352
7.063648241295763
8.510400512959752
6.5474501740637026
0.2464473928574462
9.346552036801498
5.902107947284668
0.5946092668893943
8.407759665111708
5.270230185921716
7.7075545598153425
3.9084444658637443
5.141028492843187
8.103591130732863
9.441878541575848
0.48096155406749275
4.729539204522358
0.21310293297574723
8.69755177752031
3.3012686472271104
6.294683906477524
0.6273569744102203
8.987942425860775
1.4545328551259806
6.47011755403113
8.904188051953112
3.9564806383842335
4.239110331750621
1.2486967418003503
9.050994395439279
6.927608416244295
5.6901228050638855
1.7317557954956087
3.294856420419104
5.7568343024505655
9.648532142020876
1.4125495956360268
4.86558653089121
2.492018188288289
5.616229050180806
3.4870766885273854
4.34377159746119
4.367601777870931
2.458843997793484
5.843725173127109
4.119623104003898
6.443651410460359
9.348591804660096
5.868366358072406
3.0325505499718677
3.116366616748457
3.5660538047443557
0.00042910023084541393
0.8236769810137301
2.2600063880684482
7.297038541241258
3.971425149592137
1.6868796412957032
9.503377964293016
8.039718863896399
6.2084401673788925
3.1972075249552843
6.67544322451967
4.7944137888078
6.707753835185978
2.8338207969154974
3.072177092706687
2.7636265585758424
2.2617710172234484
2.0475373660424543
0.9982941898547371
6.404504930902107
4.704534202507341
8.383870727384949
4.8623016466878
2.58963503525544
3.629622067556494
1.5010042089694542
8.53765465834032
2.7216993175024395
1.8162323470200847
3.341864320742226
3.0583922830985646
7.447846796343557
6.183514995049597
7.1081390838662495
0.3389734250491716
6.745414942579934
5.009360449042493
5.01748714141097
7.408627305206851
3.3658989010498495
9.24201552138355
1.3991341973121507
5.233113360459056
5.4311449033698
7.300899011985101
4.489621981390844
4.127573189923325
5.665394837094677
7.097485239181008
6.6224134730078275
7.735061148292436
3.202661754275092
7.753914110616122
2.4870038841594932
4.086942888933653
5.2841333273305215
5.9413514747686405
5.778368640944475
1.906647336321593
3.1122492845200167
9.715514337345363
0.3622962337540203
1.7399815611662806
7.3214274391454754
9.371031102142199
3.6385459565723153
1.6391255815187489
8.445958542602586
9.794916901013755
9.956364381538895
6.273116643147794
1.3019346280903166
9.267550034421767
1.4829046526563183
2.2413656299811047
1.13230100241545
9.886335243825316
7.078951661887344
1.0886135049887269
5.947423508546272
0.1710270602265851
5.477977049970784
0.6370516545374882
7.943056059415924
1.8443967888663038
9.068121727470789
7.769246818758479
3.934855629052878
9.596516414126327
8.875776761620386
0.44000455615461953
8.330149615306862
6.528544314752848
9.682733064901297
2.4646008801738617
7.582267618634288
7.574465688995817
6.082728631579291
9.548977769435824
3.57154166477774
5.97789772950747
2.19801405672869
8.37594362190374
3.009747090059436
0.09415379522825007
2.9602471687420415
5.929027000414293
6.028466087502034
9.09277884404412
0.28704424830965136
2.9544403826215158
2.611189417592734
2.392789607868069
8.71592913313081
3.8413783051623063
5.822165259461217
1.0516969890840555
6.240220181091961
6.463127944722146
0.5698905500809615
6.555310400749152
4.974163033223608
5.435417023338295
8.137321711346457
2.723808078939469
9.244633475862521
9.419440857033681
4.713573013433262
0.7119306328378783
6.215835178211437
7.373401102434228
8.934284565399416
1.4220866275984378
2.3387525755079386
7.967113330881994
1.8406056291294648
6.90101321096696
5.998432896717254
1.667007248833906
1.3491186743061456
4.148013442516255
0.27220750388194603
2.9161787123409155
1.104020902797881
4.400969039224374
9.657375871300241
4.491552172536961
5.025543763377299
4.871814711426071
2.9226486449788447
1.301653011111431
2.296921996047474
4.552199247534795
5.8703442080503185
7.6154240705676095
4.873616347389385
7.8848882385708805
7.894807359528527
1.0635738637092174
3.2245439412426546
9.38493863729683
2.2007753712330027
7.671883849628898
9.01725258822838
5.64590166080003
8.749550926320953
8.800234938348275
7.356307700245016
3.577669086073416
9.08594365161758
9.964070643653914
3.4540394086489936
1.4273643687468318
9.518853435254433
5.303464647188311
7.468549381083135
4.624635705759226
6.677060205476125
7.092307554218008
9.336710378955667
5.152808147356565
7.512677664757902
2.7717175144897666
5.6022132140861345
7.808688120228879
3.8652267870077317
4.988911073124981
4.157145051763445
8.463636122062779
1.3782975274616738
6.789574457426125
4.73794396182369
9.44688416053489
1.680057886175459
2.9550367530059365
4.1262246242950305
8.303568967881539
3.6094265614634513
3.2663589579115904
3.2353554358536996
0.7123378342590436
0.8402120710285776
2.686773879888993
4.016645656552191
6.892710639942913
8.672952294249598
4.7983697463236465
9.182911671249446
1.398530754279994
7.6477049673512525
4.330751608521425
6.300317003223989
2.012415830822434
4.485027195198622
5.34691448626202
8.981053016425946
2.2480269949008234
9.192713545993792
9.542644684570195
9.114302943555346
8.58789737603767
7.798490118322797
0.7421530133427945
6.663271263101732
4.422927693135843
6.289703853073427
1.3161595756437938
9.273685080058161
3.092664956983705
1.2050457012941396
1.7256916641625142
1.8020389959333516
6.761526839662722
2.291492564955698
0.8279726430208856
1.7752061785087203
6.3295813657732864
4.705713903690137
2.7302365417066063
1.822709388637207
0.1883527315678235
4.714867231395381
0.6588699504208595
6.098297210002955
4.47877049474242
8.361151582884874
0.905698712333054
5.11420383045806
5.52821719248737
2.6778129237624473
6.233630255791934
4.606231613136989
6.951849274227522
3.7119940402669283
3.3999386671494056
8.67812111401139
7.922579828352888
3.3297899538615083
0.6745977395173364
9.468636203829933
1.9846269175813658
0.07548840988899186
0.14324621734788323
7.085023505455234
9.05161802298528
9.316341574698665
5.453211150925316
1.6558859953978045
2.5874274344514503
6.193588510245892
9.63860042726621
0.5122373198330243
4.141576169569978
7.004556705776766
9.07043538755157
6.774552871157349
1.003496631695856
1.7819591326060447
1.2938648892514726
5.150181410922643
3.2778608499383144
1.9931383314369733
3.348944620989257
8.46973329528949
8.658933741269863
8.034934198404892
7.778473540697383
2.366626082984258
5.8600749715743525
3.7755116551844328
3.475630838509134
4.679314896752792
3.6787466322235716
9.413054136549338
7.767650173261725
1.0585198541519147
8.797827430400096
8.624177617424987
1.8395290451494473
0.9390272337956751
9.50970652407109
5.678388329226108
7.75501359244114
8.081758217218033
4.236303387475232
0.3578463562706735
5.174467689111328
4.512827487289003
4.36066288988926
7.308828052592878
8.882660861629697
5.2936741328784205
1.7206579917257026
0.7941520721597606
8.380242795149343
9.328399982958494
7.0392149258200085
1.1250899482335774
2.2053965769867077
2.747048916929552
4.555275824738395
0.6720132827629577
3.8650707411543452
7.045853073466633
7.989626975320353
9.030569590954025
5.354007346300257
3.1342193840511423
2.475467066338556
1.8480824748643254
2.4069240472819
3.9555931444018357
6.093820177434262
2.0773811156710864
7.13533475473763
5.887144142722642
3.698594223584395
7.6173371341425264
6.675850116836787
2.3947670328238955
5.153814937329396
9.31529724659992
7.916245133159778
6.788752504106494
6.483913330639961
4.497390395850611
7.194080919758373
3.615525385942764
7.518968536041611
1.0053168173404947
7.185029620952438
7.02941286515485
7.314802383632756
8.608421844619853
7.460246573137701
3.6260552102510415
6.906891086106005
8.416952622240206
0.1865462415882524
2.8557689580100964
7.323088728910692
9.71897712477507
2.2256998489253976
0.7803491793034956
4.059187749653263
8.10651000791667
3.021086777704708
5.995135375772064
0.5932973831126731
5.901720967419238
3.8287393143105684
6.144133587795528
3.652004657732766
6.25463926152127
0.45314696070630767
1.9196490304102631
0.9113022242859836
5.055848018849639
5.913262781434351
9.461973327248012
2.8415082979679274
8.282799186241405
9.267929756246037
3.139285588957954
5.827022871931038
3.4921201985278327
1.0075047237413737
2.693875112501014
1.4586288796527647
7.647108288001104
4.7687795464553675
1.6577927965054318
0.18596695693901877
3.3022744946285734
4.458815081030949
2.1104757064386503
7.748584115622857
6.3047795769144415
1.1270516773871175
7.795020085241743
4.90750068732062
0.7431887641383317
8.349251979133388
0.10908945665129455
8.403525542434734
4.347804617228378
1.186899317716641
9.841866856402033
3.112194440931936
4.1482685950471705
2.048373299539501
8.23813834923714
4.133139793985771
0.6501064995873829
2.24664141192359
1.7671518566118494
1.9818927053056945
7.195026244881193
2.064120936359272
