2.7645428
10.669287
2.645888
2.9439144
4.832887
6.1688166
6.633635
3.7248237
4.3685484
6.9788938
6.9569874
2.3000169
7.1517134
1.2840862
6.541388
4.2364902
2.227189
5.9016523
9.528391
7.0849686
5.0289693
5.0950217
4.0965843
6.9537816
7.875393
9.236975
7.846955
1.0839155
4.989676
4.062407
2.4098146
3.435697
5.6314907
5.2257624
5.5143147
6.5824733
10.66691
0.79235464
3.9265928
1.8245041
9.455172
6.886936
2.6766798
5.8669634
7.856413
6.809222
6.243027
6.3914204
1.3407521
1.4980489
5.7561674
7.1523247
9.260674
2.053176
5.8329983
3.3030002
6.8878202
5.5255175
4.7542033
2.7386835
4.333982
4.575389
2.4110742
6.143397
4.9115043
7.5100756
2.8156087
7.7789392
5.32384
7.2919436
1.5460708
7.3836703
4.785145
2.8474612
7.661667
3.3379383
3.7310352
5.673599
4.8730373
6.026298
3.1485493
1.1351464
4.911097
6.9876766
7.621944
3.2223275
3.793939
3.6503143
7.144573
4.0818315
3.4640384
6.337738
7.5625954
3.802822
2.6503816
2.8285327
6.906256
7.551526
3.9209385
4.91302
9.913753
1.3066279
6.1153126
6.494064
6.885892
5.688578
6.514426
4.736256
9.613953
6.128132
5.829689
9.256882
11.356513
7.101903
3.3565474
2.7018676
8.817034
5.2431474
3.162158
2.319151
1.9815142
3.1236486
2.4942355
5.611577
5.2246084
6.0684767
1.0131617
4.165118
5.8392315
5.7963862
4.765708
6.1614723
7.194416
7.4737997
9.271569
9.800608
8.248649
6.0817556
5.0719953
3.184309
7.959819
5.055995
2.5399358
7.5459385
1.354162
10.446907
8.438835
2.2448163
3.8551035
7.852729
2.1415014
0.8950472
8.512041
2.6382136
1.995167
3.5250416
3.2922478
3.3707552
3.6776156
10.675991
4.6369414
9.4998455
6.249011
1.6667883
7.657965
2.0619729
8.788733
4.059634
3.0797403
3.9485798
7.406411
2.9005413
5.635495
3.9184895
5.347244
8.584072
1.7322139
3.5654645
8.209556
5.150399
4.8217616
2.2896755
3.7542467
1.4872661
9.8103485
2.5942473
7.9954515
8.329183
8.043899
2.4009764
12.178066
3.2975152
6.3497763
2.3208523
5.8283224
3.15947
0.9473741
0.96282345
5.6430955
0.88637984
8.470262
2.255772
2.0377853
4.947644
11.466129
3.1469393
5.990747
5.149065
5.660078
6.3598866
1.0532414
9.00501
7.496579
6.6351047
3.9712348
2.1112459
7.046333
6.3720427
4.543729
2.2735653
1.3165847
4.6716013
3.7760336
2.7537265
1.6017373
5.8633804
6.4339943
2.3827727
5.0291896
7.414139
2.3726945
1.9830391
8.8252945
5.4184246
5.7111015
6.5568256
1.5845826
4.7961316
2.2452831
3.7051132
3.8881006
1.97465
2.9396758
3.5908186
8.500208
3.2481112
8.089214
2.3132353
0.90607977
4.855941
0.9836106
7.383106
4.937156
5.8576775
8.040866
1.3336402
3.747882
6.9416966
5.436832
8.722614
5.424926
7.705157
3.233561
2.232921
6.07236
2.697483
7.729966
4.693075
6.5196257
7.2689447
4.169475
8.498619
1.9873135
7.246953
5.4160056
3.1382189
5.421879
2.142255
7.2720766
8.510131
7.118215
6.6551437
5.687235
3.1672533
3.6913981
1.6556649
5.1671076
5.7602224
7.082323
2.50845
1.0181848
3.1731253
7.475539
8.517616
7.533411
1.6376414
7.8937726
2.5578966
5.7850566
3.0661178
3.162505
7.276726
3.8975697
2.8629217
1.7812004
7.3601646
2.7429383
8.104152
3.0567293
9.09852
2.012491
6.3268175
3.5556936
0.67322963
1.6303476
7.7813387
2.7201269
7.2302094
5.5482054
4.713963
5.298108
3.3949149
1.1897368
9.396416
4.5793943
1.596807
6.6047516
3.7912729
3.9404082
2.3815107
5.9158516
2.410797
8.460982
2.6369565
7.746769
3.9111028
4.749652
6.972153
7.149717
7.7348585
8.247453
9.792349
0.8247866
1.7097936
7.283482
2.7832518
5.763174
4.5712075
4.4894667
8.523538
2.4178119
4.4732046
3.18395
3.2071874
6.35246
5.005829
1.639847
4.5017157
1.6078794
10.485102
2.7217996
8.148062
10.522604
9.999012
1.9334669
7.943059
7.754377
6.185883
4.7588615
5.668249
1.6757643
5.059161
0.5861723
1.9086596
6.8263454
7.0580397
5.70362
5.315673
5.831582
4.990269
1.3252587
5.356142
2.9824386
7.7842813
7.7583
4.553114
3.8767693
2.988441
2.7005982
10.6616535
4.8429413
2.1675339
3.8339458
3.7177463
5.968637
3.1362028
0.7568242
1.739541
0.76294315
3.1201549
4.5461664
2.5943594
8.022182
6.560605
7.9190645
8.9167595
7.636123
4.764132
7.020974
8.634378
1.267459
8.177738
4.936342
7.7126083
7.316905
4.687626
1.5017298
9.127481
5.6381845
3.5720541
2.5673165
2.8579268
3.6414557
4.629113
3.021473
2.8952007
7.32917
7.0796976
5.086837
5.754496
1.647439
9.062498
7.2506237
1.5733876
9.022953
3.6307163
5.1710715
1.9726775
3.865656
3.1380036
4.7318726
5.0031214
4.122587
8.594968
6.0027914
4.171361
1.9540976
2.7387266
1.4076174
3.7448153
3.086955
3.705093
11.940582
4.025806
8.920124
2.8875957
5.5122294
7.749156
4.7668586
8.565943
3.698782
2.4622555
5.0058155
3.6811345
9.705718
2.8914587
2.592586
0.83145857
3.2271733
4.509992
1.8765702
7.71889
2.5453944
2.7543106
4.8945637
2.194807
7.170772
9.8787155
5.298357
2.756679
5.460154
8.020314
7.0014734
4.149946
1.465729
1.7203323
5.462291
3.1001348
9.099969
7.5880585
4.579391
1.7875671
3.7357354
6.0472345
2.338646
3.985554
6.8972254
3.7636268
4.4956894
7.1395864
11.416594
9.666061
8.700672
4.6606092
3.3984237
3.085646
3.2958713
3.5712988
7.593083
5.0345798
7.231625
6.2323475
1.1548316
5.9369993
3.6202507
7.7176466
4.8787894
6.1244907
5.0100384
8.072728
1.60931
7.7784486
2.193347
2.7029085
3.1090746
4.517503
5.455536
2.6568918
1.394025
9.611286
3.8224585
3.3324845
8.248301
0.82471204
4.6643853
4.6557913
5.908742
2.3418827
5.2691183
1.4436344
5.1703672
8.116814
0.6057201
0.9266037
4.933135
7.3271646
1.3626542
3.6620636
3.2919173
2.795983
1.4303985
9.31979
5.770837
6.236883
5.6572733
4.444866
1.2420359
1.5055879
1.8686025
5.814336
3.572627
5.8000555
11.221038
4.2615886
1.6037358
9.241386
3.2638643
7.176518
8.147799
3.5121088
1.9344817
8.1400795
3.7638807
10.121821
12.36883
7.098707
1.793556
3.8231125
2.2581005
7.4762287
3.2370453
1.0051656
8.3204975
0.9597283
7.6631417
4.408122
4.123449
2.5562868
3.985178
5.3102007
2.887185
6.925845
3.7934842
2.4804742
6.711008
5.083897
4.261364
2.7114077
4.157791
3.1693654
3.560882
8.233666
8.198793
3.038939
2.3999286
3.8093104
7.4963937
1.1340084
8.593658
1.4568148
4.5453625
5.5811157
4.144825
4.200222
4.3433905
2.0313106
2.957644
4.946219
5.507838
4.284355
4.5561714
4.5378947
6.77406
4.2236342
9.3677635
2.7794755
4.6658993
0.7757338
9.01356
5.401921
9.9967165
4.9534364
9.468054
6.4441814
4.9361477
6.2375174
2.67623
2.7465591
4.3822165
6.6580024
1.5911015
3.5577354
3.252249
8.155001
2.9069247
2.7710183
2.9195158
1.6073482
3.7953973
2.3039649
4.669227
3.5791523
2.156076
6.336778
2.1595547
6.8549395
8.177221
4.082629
3.6899805
1.6740463
4.2963533
4.1430264
1.7385937
5.863248
4.480687
6.723666
0.88154227
5.687056
2.440401
1.0882249
4.434847
1.258293
9.203186
2.4702473
6.41791
0.8641904
3.1839447
3.9257715
10.314034
4.5909233
0.9087369
4.6427174
2.81046
6.832002
4.3332143
5.05017
6.9811115
1.6116606
6.6144834
3.7660275
3.4424372
2.983649
4.4287014
7.642783
8.72702
7.678939
5.4661665
2.4888117
2.2627401
5.2858315
9.662919
2.7719057
2.558471
3.6604655
1.6367836
3.7164826
1.5846952
1.7795017
0.73900604
7.0891485
8.098562
4.44425
4.6473503
6.2594347
1.3962424
8.561571
1.7815821
9.895328
4.1721554
4.5055737
8.432072
3.3156776
1.3411232
3.8739572
5.518764
7.6027355
7.455223
2.2240138
6.07663
5.6438556
5.4361134
5.6887894
2.7008853
2.9404497
1.5645185
1.7774214
2.9933424
7.09371
5.7523823
4.378675
1.8256475
9.069883
9.175188
5.073847
2.070154
6.6638227
7.296126
8.726591
7.4711018
0.71208215
6.462018
6.651815
2.7399268
8.289095
4.7183514
4.6622972
10.584505
6.727617
4.838172
6.076716
6.8895416
4.8450184
7.5481987
8.032643
5.0414624
7.116319
2.201641
2.8706222
6.3249884
5.6273823
11.389059
4.729229
3.393154
7.5172596
5.569913
5.2718534
6.6930914
10.662851
2.3312912
3.5124078
4.6440067
2.1566584
2.8501534
7.713607
4.767022
2.2464976
9.609658
2.4606774
4.152244
2.044421
3.435651
2.2817087
6.980999
1.9844457
4.81915
5.1150007
4.928111
6.116229
8.658175
6.3551054
3.581861
8.511051
2.2054615
4.1859293
4.4556723
8.296339
4.7525425
2.3246672
5.846875
0.7498977
6.3582344
4.9601846
2.676864
7.1760106
6.0534563
3.6245372
4.368816
3.4990544
6.2311296
4.706175
10.422713
10.966991
11.710164
6.1233664
2.4063666
4.8256187
7.8034015
6.2011747
7.333289
5.4020576
5.8039327
5.0324574
4.785097
6.150342
6.725363
2.5568452
2.9905846
5.3182645
4.625331
3.1556401
4.5710735
4.9116445
2.413475
1.8792429
1.7281983
2.546079
1.5485215
7.23783
2.1757345
4.0117
2.511684
6.8700876
4.1798515
3.5314703
8.355911
2.6337056
5.215579
4.8681035
7.2946706
8.410061
11.198378
6.619706
6.1216354
5.1961107
4.4660344
4.5798407
2.4600759
6.249608
3.2826657
3.508936
2.8154428
6.316411
6.3097067
5.028619
3.2409093
11.161158
2.5532432
4.4296656
2.7843335
5.966591
1.1372848
8.524991
2.1948438
7.6214256
4.72991
2.1545076
1.232651
2.5553982
5.779421
7.6770616
2.7982965
7.6496925
2.2727027
4.2212563
5.541531
0.77852064
5.7178607
8.254116
4.412285
2.6284685
1.815017
1.8941168
4.3189945
3.107874
1.2644768
5.1109157
4.863359
4.580508
2.1518288
3.4246736
10.166296
2.0781546
8.63083
3.4182813
6.07657
7.9645205
2.5477777
7.890109
2.9281588
7.734192
3.1730149
2.3709407
6.3222857
2.8047223
1.3909578
3.1113257
10.366787
4.670241
1.0281566
3.520283
1.9489329
5.889177
6.143507
1.304436
8.353407
9.369345
4.9414463
6.753922
7.0717583
5.883309
0.90023124
7.0170116
9.703932
1.2732749
2.9869382
8.512016
4.6326585
2.0142999
6.677805
3.7195106
2.184667
6.632659
5.256516
8.379108
1.8091576
5.5114136
11.868107
4.936081
1.7405255
5.2232904
6.6033587
7.634582
5.0915165
3.6486435
3.0212936
7.378291
3.9096377
6.022586
0.95114577
5.9111843
2.2958572
4.485526
1.2361164
1.5853497
2.8869205
6.252919
8.423545
4.4597864
1.8017539
8.125984
7.2602587
6.281678
3.2171228
1.4762484
3.0444164
4.9529114
2.9210396
5.00224
1.3055499
7.0378184
3.1036205
1.1032057
7.1809616
2.000649
6.5084662
5.157692
4.184702
6.856918
6.87608
5.4092536
