3.1047885
8.043335
3.005345
4.315925
3.71632
4.353666
5.342854
4.163553
5.26937
6.754899
6.6724243
3.3099155
7.237419
1.4200767
3.0814514
4.4142413
2.0327759
5.819041
7.996136
4.2538886
4.3493795
3.971332
3.7002354
8.1407
6.9492974
7.636577
7.811161
1.8161323
4.750411
3.8269913
2.9108438
3.4188516
4.8231373
4.6722374
5.16818
6.1926546
10.796469
1.3548112
4.9853144
1.2761129
7.8249016
5.082485
2.8520613
5.212427
7.034054
6.586713
4.401474
4.2980514
1.6899815
1.1738969
4.369997
6.132986
8.127475
2.0462325
5.237891
3.278956
4.8395553
4.945759
4.383239
1.901036
2.4209938
4.366888
1.5922927
5.456609
4.3184724
5.8236294
1.729916
8.234952
4.104166
6.3207507
1.9233552
7.427231
3.7443247
2.6966312
7.928071
3.1441894
4.012169
7.1420674
3.8198953
4.1981363
2.560925
1.2995411
3.1644387
4.417279
7.7068343
1.7233132
3.9329472
2.315334
7.7002783
4.6136456
2.2875335
6.269324
7.2906375
3.146103
3.130312
2.7873414
6.186878
6.6684747
3.592463
6.366228
9.483606
1.1826278
5.7347326
6.7903776
6.3301916
4.8833504
7.097054
3.0324292
8.478002
5.322233
5.4507456
7.8495073
12.556218
5.381526
2.5275412
2.2236977
8.551387
6.02092
4.3904395
1.4148335
1.9361627
1.7044117
4.046863
5.6184015
4.3489246
5.275196
1.0149735
3.6706405
6.8710384
5.1995773
4.7641034
4.3928866
8.542182
5.918112
7.0097504
8.256955
6.397263
5.4271297
5.015246
2.548841
7.6255255
5.1111674
1.6944127
8.280547
1.8541132
9.014853
8.064154
2.2841265
3.1632097
8.162023
1.7183194
1.20712
7.7369385
2.5908568
2.778959
2.7088263
3.4264448
3.07797
3.9608736
10.514817
5.690131
9.134956
5.215381
1.5374281
6.696453
1.49831
8.203937
2.81813
2.7897205
2.773107
6.627082
2.8217535
6.144836
4.128817
4.8695908
9.022037
1.6697786
2.9980342
7.020904
4.775095
4.491664
3.0887341
3.1012418
2.7330432
9.395728
1.2234696
8.4992285
6.7052574
6.979539
2.223734
10.358507
2.9661627
5.3737645
1.9140208
6.45006
2.598055
1.1074286
1.157757
4.9302053
1.1226344
8.97755
2.7726548
3.4318526
4.8708906
10.355113
3.482226
4.545221
5.071956
4.7750063
6.74905
2.742845
9.378377
8.422902
7.4534225
3.5319166
2.0164866
5.737978
6.229975
4.771701
2.090507
1.3752867
4.5734816
1.9296801
3.6269174
1.9066536
5.9012113
6.404024
2.40476
4.97523
6.2266197
2.5787847
2.2954404
8.64869
3.6024714
5.1653967
5.756173
1.3179996
3.5715036
1.9883235
3.9185023
3.970059
2.9969878
2.7048864
3.5090947
7.8121085
2.1633751
6.082619
2.5935316
1.0097383
3.5317345
1.1415877
5.9326353
4.0655537
4.232255
7.593136
1.4977379
4.3872547
6.947479
4.370274
8.774447
5.2945223
6.285035
2.7870712
1.7732507
5.7326956
3.647826
8.442055
4.179025
6.297401
6.294223
4.1763735
7.974948
1.9059399
7.060747
4.7230043
2.5866723
4.7750263
2.8255463
6.6887293
8.336537
6.5698557
5.969821
5.729965
3.9865053
2.687667
2.0687706
5.225884
5.389633
7.7473984
1.8899632
1.0097383
2.3669
7.6089892
6.791465
6.970797
1.4678736
9.015996
2.0950963
5.890065
2.4461174
3.4038606
6.9314795
4.142588
2.5613747
1.5303259
5.4284744
2.1326835
7.171564
2.9495425
7.0751543
2.5615554
5.9854283
4.82788
1.0610385
1.3574764
5.903771
1.5083342
6.893054
4.6446
3.9230394
5.6187725
3.824387
1.2844003
7.6906557
4.3019743
1.0097383
5.485771
4.1778407
2.6028185
1.5972172
4.1597795
2.8240008
6.808301
2.2639375
6.797074
1.73258
4.503368
6.644646
8.408947
6.668042
8.520696
9.49922
1.0284376
1.9597216
5.7836375
2.4312882
4.98573
4.0167503
2.2584403
8.076181
1.7859019
2.8611164
3.6164813
3.1644063
5.813102
5.064902
2.7121608
5.507907
1.6659307
10.341174
3.4760933
8.05054
9.706788
10.916501
2.2581773
3.5931327
6.6926813
5.008568
4.5797853
6.0918922
2.1729453
3.9839382
1.0627555
1.9720622
6.0031834
5.9516687
5.175908
5.2226715
5.4079814
3.5106444
1.19366
5.25108
2.3545964
6.506935
6.1282625
4.404396
2.4384217
2.8185902
2.4762552
10.7919855
3.6388447
2.2290924
3.128702
2.595654
6.3603554
3.0324926
1.0097383
1.5177459
1.0731739
3.23708
3.9968686
3.1221123
7.3637366
7.599098
7.552419
7.8815737
7.091664
3.683455
8.13532
8.366044
1.0744352
6.809029
5.7711926
7.864011
7.290333
3.8506315
1.4962068
9.581166
5.5670805
2.8913722
3.5111146
1.772713
4.300897
4.9645348
1.8615006
2.277717
7.4091916
6.0575843
2.9307003
5.2381873
2.0169444
8.063379
6.34513
1.6288698
6.646698
3.4621933
6.682299
2.2584696
2.860454
2.8407378
4.950025
4.9573736
5.3587804
8.299258
6.7890935
4.412806
2.1135056
2.2717323
1.0106286
3.5598676
3.363133
3.2716794
10.657399
3.7548373
6.2134457
2.2781863
4.6764555
8.757394
3.133473
7.2769604
3.7026901
1.1566088
5.894953
3.6556842
8.071003
2.79775
1.9191384
1.1212037
4.2015843
4.439975
2.227954
6.252926
2.7883115
3.0988202
6.312379
1.4621567
6.9745407
9.173242
3.8769145
2.6155639
3.7250795
6.0069866
6.2627707
4.802971
1.9900056
2.476659
6.917857
3.688498
8.011443
7.757773
5.471717
2.227222
3.0187874
4.6094255
2.3195868
3.4902418
5.767359
5.549884
4.741756
7.474579
11.175988
10.711819
8.983146
3.9532063
4.587965
1.4380416
3.0112557
4.186464
7.5902014
3.478104
5.9264264
4.1971936
1.4456016
6.3745894
3.6401117
8.351811
5.901728
5.3227572
4.1838384
8.158272
1.6077633
5.861534
1.2526333
2.5905974
3.3032188
3.9775965
5.1508894
1.6123633
1.7752279
8.468492
3.891046
3.2618058
8.207326
1.0097383
4.384185
4.310607
5.8783326
4.1491203
4.5375614
1.0170312
5.2538185
7.076465
1.0646093
1.2315607
3.720584
7.856547
1.7044855
3.5009675
2.1660316
3.5288224
2.4423423
8.094867
5.0942054
6.6900134
4.36048
4.535442
1.138395
1.8836479
1.3779621
3.5122404
3.328733
6.190669
8.382419
2.578992
1.2681038
8.3736
3.896541
7.496849
7.598838
4.5524497
2.9851737
7.8764563
2.6984005
10.614997
11.039594
7.361531
2.0979812
2.7886696
2.3591468
7.398286
4.4453077
1.0097383
9.055251
1.4369777
8.443437
2.9446635
4.3297615
2.2334979
3.7192545
5.380264
2.363294
6.082823
1.85262
1.480396
6.967384
4.412997
5.105154
2.1183798
4.4509006
2.9810586
4.3026047
7.7628365
9.261509
1.0097383
3.484631
2.8426888
8.512443
1.115281
8.03585
2.6283495
4.5845633
5.628068
3.811474
2.9824243
3.7634048
2.3105097
2.2804604
3.0315979
4.495086
3.8563437
4.1691227
4.0241103
6.274111
4.031675
8.254953
3.4241252
3.7629418
1.297828
8.267468
5.445571
9.535466
4.927503
7.3053513
7.0886993
3.1266937
5.564869
1.6361127
2.4406796
4.4530816
7.5330606
2.1566403
3.9927013
4.4786253
8.577061
3.1711657
1.9386455
2.3551698
1.4598763
3.287796
2.63426
4.2983904
2.320197
1.6538012
4.7823405
1.8986604
6.254949
8.367912
3.8864536
3.3548853
2.2439983
4.145799
5.1420865
1.1735028
6.953078
3.961103
6.1534786
1.0706863
4.716096
1.721782
1.2395234
3.0719986
1.4100559
5.2541895
2.1437643
4.933223
1.5065355
2.1140833
3.0350099
9.247094
4.573783
1.0352658
4.365065
2.4794986
6.53708
2.8599753
5.378708
6.160777
1.5270534
4.950593
4.0539184
2.5579357
3.7284727
4.114711
8.358914
8.98446
8.571265
4.347498
2.3678112
1.2369936
4.762164
10.280878
2.3948288
1.0712798
4.096622
1.3595283
3.2698486
1.5826213
2.2731626
1.0175215
5.833786
7.189496
4.228593
5.2223783
6.061765
1.4529802
6.5438867
1.4143285
9.189931
3.0077665
5.863349
7.0653296
3.33399
1.7354109
3.4964175
5.5347786
6.945757
9.322026
2.23229
3.815889
5.6183753
5.806239
5.2214518
2.352237
2.8397155
1.3160807
2.3434966
2.6821973
5.8920755
4.805362
4.1188793
1.189522
7.779553
7.5783215
4.066915
2.3004332
6.722975
8.466607
8.42567
7.508786
1.0097383
6.4128633
4.935903
4.483991
7.7977867
3.3197298
5.464547
8.924889
7.0915527
4.107626
4.986482
7.9922028
5.1948614
8.424277
8.813592
4.8767376
7.947898
2.0142667
2.3161716
4.663249
5.121583
10.256419
4.603242
3.5072086
6.548267
5.493337
4.232154
7.3795857
9.2996
2.2721663
3.4295788
5.194874
1.4414167
2.2540126
7.4642587
3.0606575
2.0492425
9.06539
2.050361
4.359086
1.8384709
2.6294699
2.0176873
7.3888016
1.3116922
4.810999
4.672352
4.797044
5.4116945
6.4222927
6.169
2.3105185
6.796033
2.1598432
3.5856137
3.3514776
6.652848
4.695038
2.2983463
5.3321414
1.0270052
6.04274
4.391007
2.7991104
6.260469
4.231919
2.27703
3.7491941
2.757092
6.1089945
4.0120916
8.001917
10.353711
10.033982
6.037078
2.0697758
4.267338
7.5111933
6.2934628
8.088586
4.3581095
5.2750716
5.133794
4.2482567
5.8415065
7.237412
2.0235863
1.8939731
5.272125
4.950856
4.512456
4.138493
4.8299465
1.9695425
1.8814843
2.0356078
2.0639741
1.341094
8.857556
1.973586
4.3220654
1.9610151
6.3579316
4.8211484
3.1402345
7.94807
1.6462016
5.2571363
4.1129413
6.3756433
8.444274
8.243787
7.0822487
4.596333
6.002045
4.3306
4.458658
2.697136
7.14689
4.9678836
3.4002872
2.5801585
4.523031
5.9529014
4.5545187
3.440009
9.351583
2.170605
4.218808
3.7111647
5.857415
1.156715
8.034704
1.5999365
6.015608
2.4409351
2.4252503
1.112318
1.9534159
5.434142
5.7000833
1.930877
7.881694
1.5745611
3.9240398
5.4632826
1.0577716
5.1710167
6.937747
2.9530926
3.2271929
1.8395264
1.9427009
3.0833392
4.248594
1.0603406
4.061423
3.6568072
4.2798543
2.3203769
2.8240228
9.517117
1.4579737
8.087951
3.7527766
6.0237093
7.7214236
3.0823946
6.5981884
2.6416109
8.070252
2.0998616
2.388125
6.2071705
2.2442122
1.1744635
2.1578307
8.893298
2.9352517
2.231428
2.7552514
2.8073006
7.193821
5.3980503
1.6545932
7.7511673
7.849504
4.892136
5.422879
6.6156693
4.777317
1.7849777
5.953734
9.697219
2.9073198
3.238019
7.3391094
4.2754183
2.755454
5.8275304
3.4026682
2.5579057
7.6787887
5.103565
7.3280306
1.7837708
4.7861156
9.620435
4.987584
2.6968174
4.912018
7.829536
7.2327375
3.925813
4.225349
1.766737
5.9483843
2.3341525
4.7999067
1.1174529
5.603389
3.125969
3.7609603
2.0781624
1.780593
2.4280589
6.261636
7.16309
5.107663
1.6166146
8.310801
5.111785
5.3573856
1.8068272
1.2323024
2.1507785
3.5431166
3.1390076
4.9422626
1.7927341
6.4296618
1.9969428
1.0590315
7.093858
2.0470395
8.650178
2.7609606
4.18516
6.717965
5.1291494
6.740618
