3.1443865
8.7667055
3.1061156
4.410714
4.1741977
4.4976397
5.933506
4.0714445
5.136137
7.102003
6.710759
3.515625
7.243786
1.1997517
3.3247974
4.608346
2.2398908
6.449299
8.191594
5.5692253
4.929631
4.272524
4.214947
8.384751
7.481535
7.5646772
8.123407
1.5266485
4.6330137
4.1011925
3.1117413
3.8974893
5.3628674
5.35802
5.309758
6.3687296
11.412357
1.0117207
4.9497194
1.1139852
8.4491825
5.5787067
2.880385
6.1556797
7.5165434
6.8268127
4.9730854
4.8840656
1.3379948
1.0898609
4.538558
6.7604876
8.843523
2.0592537
6.0844316
3.3562362
5.1280756
5.2704372
4.6764374
2.0322556
3.1882894
4.9301653
1.8791133
5.8349657
4.745037
6.522992
2.3123884
8.295414
4.595249
6.7412195
1.9650941
7.781739
4.1104984
3.0547388
8.299468
3.6052716
4.0999765
7.3407564
3.7886899
4.5835657
2.652352
1.251075
3.143387
5.123605
7.599642
1.9088225
4.3993797
2.0013113
7.8996887
4.8754253
2.5055711
6.957205
7.4702806
3.4414828
3.2693527
2.8942595
6.534026
7.3245125
3.832657
6.673462
10.196545
1.5540296
6.4660063
7.205415
6.7807636
5.1408033
7.518708
3.6108148
8.877678
5.739562
5.1922226
7.985611
12.721397
5.88435
2.566198
2.2402513
9.090069
6.283676
4.0748167
2.0100653
2.2288015
2.1864712
3.8374186
5.917879
4.7196035
5.632762
1.2757437
4.1671753
6.8530836
5.104801
5.1875677
4.9741096
8.763901
6.303504
7.541957
8.974029
6.6079664
5.7442303
5.2504044
3.1300921
7.833935
5.4979753
1.8654543
8.38766
1.8543389
9.335142
8.937666
2.0314202
3.293121
8.453126
2.1766798
1.0876606
8.328862
2.644832
3.099789
2.7270987
3.6503365
3.0669196
4.3779936
11.342625
6.1878166
8.98566
5.7350826
1.3656169
6.948331
1.5763732
8.06873
3.1759286
2.6703193
3.0042946
7.0990467
2.9475527
6.3328257
4.4717283
5.4619637
9.484045
1.6876537
2.9618738
7.3728676
4.963605
4.3946
3.260492
3.0858424
2.6321435
9.780926
1.268723
9.435173
7.3273926
7.513381
2.5590293
10.969673
3.0756443
6.1452703
2.0744884
6.212022
2.7539608
1.0266755
1.362603
5.0438795
0.9773186
9.257072
2.7891798
3.779702
4.8511057
11.047046
3.7859519
5.0013313
5.3796587
5.3087206
7.169777
2.8704596
9.972336
8.480354
7.9569397
4.055746
2.3826442
6.0274715
6.812131
4.8580656
2.3609579
1.5125239
4.87092
2.2802398
3.9261944
1.5748618
5.9639072
6.543618
2.5851984
4.9694757
6.995369
2.3327377
2.2196522
9.200475
4.2363825
5.697524
6.1327457
1.5051757
4.1250067
2.0076501
4.074188
3.988773
3.261576
2.8924434
3.91758
8.425274
2.4167607
6.542327
2.4613967
0.9796467
4.16051
1.141933
6.1863832
4.0650845
4.439904
8.267768
1.5575783
4.9110556
7.4399548
5.0734024
9.039093
5.2996206
7.011509
2.4406269
2.0556016
6.308115
3.603365
8.736336
4.151354
6.691119
6.611782
4.249711
7.9754467
1.9254079
7.347211
4.786971
2.7723098
5.01437
3.37988
6.8748903
8.684395
6.9886017
6.799179
5.8272247
4.439474
3.0947413
1.9029087
5.9633055
5.840472
8.110678
1.8036441
0.77913225
2.6909397
7.5571594
7.415024
7.6004896
1.1991557
9.521172
2.0740728
6.2052975
2.5028427
3.3914363
7.2157736
4.268921
2.6477482
2.107051
6.1091223
2.4737396
7.3723354
2.9796436
7.3933372
3.2736528
6.2000046
5.217304
0.87928367
1.3757895
6.3130407
1.443818
7.418829
4.9000483
4.172727
6.1874332
4.29885
1.235356
8.067347
4.707986
0.7951361
5.78559
4.3953342
3.0896666
1.691721
4.671253
2.8533537
7.3262005
2.7197344
7.409045
1.4658309
5.142041
7.0774145
8.557705
7.3976974
8.748546
9.899583
0.9564556
2.1434636
5.917431
2.4015274
5.739087
4.2609625
2.8909838
8.648946
1.7603579
3.1744673
3.92372
3.168124
6.226552
5.4574394
3.0966067
5.9906673
1.5964662
10.937742
3.8147752
8.562682
10.123449
11.089111
2.134009
4.050008
6.8905363
5.559004
4.661519
6.5205193
2.1591017
4.511284
0.7853936
2.0627768
6.3420887
6.879697
5.5102158
5.1932707
6.1196556
3.8840988
1.1114599
5.425905
2.4045346
7.101574
6.3727694
4.5712767
2.3830774
3.078045
2.8396122
11.184732
3.8787055
2.406531
3.2253017
2.864961
7.1391487
3.2574232
0.8057425
1.3672755
0.92459893
3.4466562
4.3390923
3.4727933
7.8824472
7.7915974
8.633445
8.934787
7.323373
4.254775
8.467059
8.580738
1.0119563
7.586725
5.6434793
8.161122
7.270833
4.150885
1.427363
9.889717
5.847234
3.0074103
3.4764643
2.0087159
4.698659
5.790017
2.2419422
2.4488742
8.222691
6.4511185
3.1642878
5.54879
1.8748486
8.727081
6.7711344
1.6780579
7.021906
3.736591
7.0681944
2.630016
3.0121686
3.457576
5.018833
5.4030104
4.9888906
8.278063
7.1815863
4.6368446
1.9703668
2.408569
1.2831733
3.4609892
3.7969997
3.419151
11.45552
4.5514965
6.636978
2.2699406
4.641739
8.960848
3.1893997
7.6938334
3.4896228
1.1958249
6.1808243
3.986482
8.714084
3.2387488
1.7430992
0.9132619
4.5562725
4.683837
2.632753
6.74524
2.4438782
3.1658242
6.766328
1.3765557
7.3287907
9.688407
4.076085
2.5872252
4.2295017
6.469594
6.6480656
4.9698315
1.8464941
2.3494818
7.359496
4.1230726
8.412986
8.5692625
5.965663
2.0904126
3.4396837
5.003722
2.7056077
3.5156147
6.3541603
6.321126
5.2675333
7.894703
11.628956
11.021365
9.8169365
4.093344
5.082882
1.4353664
3.390017
4.227682
7.7916107
3.9806714
6.4100266
4.298792
1.430002
6.7149696
3.9953353
8.575216
6.3432636
5.875517
4.621093
8.549016
1.2656354
6.9144096
1.5371697
2.8535707
3.6787784
3.9981031
5.3526525
1.7662966
1.5883878
9.077058
4.5271864
3.153536
8.419981
0.80795074
4.563445
4.6719217
6.1142864
3.8197057
4.3698244
0.9769016
5.7884207
7.574607
1.0111899
1.0818527
4.421753
8.314314
1.5361326
3.97758
2.2083166
3.6905963
2.2073398
8.753852
5.4619894
7.0042753
4.2686386
4.7944126
1.252218
1.9460293
1.2618933
4.0175896
3.4909134
6.0394764
8.669228
2.690941
1.1365359
8.780433
4.1702375
7.5003824
7.8246574
4.538769
3.0836804
8.059437
3.1999876
11.020781
11.23545
8.190566
2.507033
3.3955214
2.1318426
7.692341
4.9079733
0.78783846
9.397302
1.0671489
8.831017
3.225609
4.6652317
2.3438046
3.854538
5.8334694
2.4172645
6.6880074
1.917593
1.6890237
7.5018244
5.015293
5.3178835
2.3411937
4.577675
3.2358797
4.4299135
8.277858
9.50262
1.2409914
3.5131104
2.7167375
8.88484
0.9876111
8.4907255
2.2639055
5.354932
6.172633
4.4124002
3.3410656
4.299761
2.2155268
2.5440133
3.6817539
4.5332003
4.281931
4.588643
4.3151455
6.59803
4.561303
9.106075
3.667616
4.0685177
0.96239376
8.690182
5.853671
9.851452
5.125787
7.403717
7.2328377
3.184272
5.9451694
1.7770445
2.5544841
4.5360966
7.9390535
2.0686321
4.1459756
4.6941023
9.020063
3.3745117
1.8709841
2.4545848
1.5774977
3.1349561
3.2053154
4.9462633
2.346595
1.8299699
4.8079796
1.9559412
6.3933716
8.974817
4.191661
3.4558828
1.8005801
4.5231056
6.038761
0.9287282
7.3453074
4.1537466
6.2836475
0.87146926
5.139469
1.5339432
1.3312829
3.4554706
1.2317624
5.4207926
1.9691806
5.212099
1.5862259
2.1320293
3.4134421
9.6662655
4.8015585
0.96210957
5.079276
2.612756
6.7339106
3.255801
5.6047993
6.980422
1.3530538
5.3427706
3.9393804
3.0000403
3.751439
4.151634
8.630252
8.946262
8.798403
4.9039936
2.7281458
1.0264685
5.3131
10.744446
2.4115403
1.528011
4.198735
1.6812634
3.394889
1.4401133
2.1540294
0.87706
6.166312
7.541911
4.873576
5.8874063
7.117897
1.4104733
6.792883
1.4153407
9.74921
3.4190311
6.089135
7.833726
3.5982687
1.8463335
3.8258522
5.679229
6.875949
9.438567
2.9791036
4.2331324
5.8935423
6.1417055
5.709588
2.771795
3.079733
1.1437521
2.3955338
3.4254043
5.8671627
5.101163
4.401534
1.3673631
8.247595
7.961232
4.206893
2.8236244
6.795862
8.729781
8.641235
8.110276
0.8313552
6.530303
5.3633366
4.7912884
8.416179
3.4632056
6.012307
9.564531
7.137617
4.187011
5.3032904
8.039458
5.788292
8.434529
9.322653
4.9726143
7.970607
1.7381151
2.3418872
4.8297243
5.462734
10.84284
4.705455
3.920468
6.9211483
5.896126
4.340646
7.9379387
9.380831
2.4994328
3.7214804
5.386671
1.3947527
2.2297466
7.940626
3.3727171
2.1820016
9.518097
2.0542262
4.93178
2.0169969
2.4784262
2.059382
7.8704824
1.4462042
4.908863
4.8802004
5.3465223
6.0972795
7.3180885
6.746791
2.1870313
7.540513
2.543318
3.7981522
3.8289707
7.2793293
4.8728724
2.094795
5.459858
0.85156703
6.781211
4.81738
2.740774
6.480938
4.659811
2.4741192
3.9704485
3.2006032
6.2518606
4.6306295
8.2488785
11.09136
10.127258
6.39524
2.1169677
4.623494
7.64209
6.455806
8.531093
4.608322
5.629652
5.5913954
4.7406445
6.1458826
7.431382
2.7326078
2.3772595
5.5461063
5.4828825
4.7048855
4.841859
4.629903
1.9997152
1.8926066
1.9330726
2.6154146
1.2912579
8.944513
2.1136897
4.646143
1.8904729
7.04333
5.2829857
3.3701255
8.847804
1.7241704
5.7474575
4.389182
6.494752
8.826811
8.670687
7.8692474
4.889863
6.2447214
4.7725163
4.8345833
2.6320183
7.297901
5.404684
3.7172487
2.3519444
4.9568853
6.6654234
5.1882086
3.568814
10.188661
2.2852247
4.5583096
3.8635046
6.140362
0.9896485
8.423935
1.72908
6.381836
2.7518954
2.36532
1.0600977
1.7873652
5.790821
6.1263676
2.0701025
7.920991
1.6456968
4.028165
6.023485
0.9703625
5.4983587
7.1150494
3.1275592
3.5048244
2.1204562
2.034364
3.110129
4.190386
0.86612284
4.4373903
3.9498968
4.807124
2.564221
2.7312233
10.175147
1.5540471
8.009257
3.5340865
6.270211
7.7338514
3.2336183
7.003289
3.1286213
8.741324
2.074746
2.3121946
6.419343
2.2938812
1.0353285
2.2340095
9.547264
3.6450794
2.1443892
2.8178058
2.969918
7.270129
5.678213
1.3988987
8.067711
8.338784
5.2578735
6.393819
7.0049353
4.774544
1.7929146
6.361515
9.871382
2.8627527
3.19295
8.022467
4.4961805
2.8004532
6.193907
4.0308113
2.7243817
7.639681
5.43042
7.5609293
1.8923062
5.1088552
10.42822
5.0430517
2.8840785
5.4527483
8.003965
7.638424
4.613531
4.5687866
1.7747614
6.5811367
2.2994611
5.512048
0.8692332
6.226536
3.1983533
4.07158
2.0472388
1.6502995
2.6230483
6.7261267
7.6510344
5.301075
1.8224064
8.855279
5.4174814
5.7167263
1.8994225
1.3965893
2.2356086
3.9105878
3.3611114
5.3261223
1.7194834
6.756425
2.018481
0.8489033
7.510504
2.2930832
8.999151
3.404937
4.482354
7.474492
5.541441
7.1364517
